**************************************************************
标定数据：135
(172, 224)
 pitch = [-8.12017429]
 yaw = [0.31103904]
 roll = [0.21077563]
 tvec: 
 [[-103.8018723 ]
 [ 208.49713501]
 [ 646.09025567]]
R: 
 [[ 0.99997853  0.00328236 -0.00567071]
 [-0.00405044  0.98996726 -0.14123884]
 [ 0.00515022  0.14125877  0.98995931]]
**************************************************************
标定数据：161
(172, 224)
 pitch = [-4.04708006]
 yaw = [0.54676962]
 roll = [0.52425702]
 tvec: 
 [[-100.87478191]
 [ 263.65087134]
 [ 622.63212737]]
R: 
 [[ 0.99991264  0.00880525 -0.00985773]
 [-0.00947902  0.99746459 -0.07053045]
 [ 0.0092117   0.07061773  0.99746092]]
**************************************************************
标定数据：239
(172, 224)
 pitch = [-5.50460005]
 yaw = [1.11275832]
 roll = [0.13202409]
 tvec: 
 [[-120.01341588]
 [ 239.05417416]
 [ 641.23975725]]
R: 
 [[ 0.9998089   0.00136838 -0.0195008 ]
 [-0.00323275  0.99538599 -0.09589719]
 [ 0.0192796   0.09594191  0.9952002 ]]
